2021/11/27-01:38:33.967981 7f5377289640 RocksDB version: 6.20.3
2021/11/27-01:38:33.968088 7f5377289640 Compile date 2021-05-07 11:24:03
2021/11/27-01:38:33.968184 7f5377289640 DB SUMMARY
2021/11/27-01:38:33.968190 7f5377289640 DB Session ID:  HAMJYEGAQVMQUDNYZKP7
2021/11/27-01:38:33.968327 7f5377289640 CURRENT file:  CURRENT
2021/11/27-01:38:33.968333 7f5377289640 IDENTITY file:  IDENTITY
2021/11/27-01:38:33.968349 7f5377289640 MANIFEST file:  MANIFEST-000042 size: 485 Bytes
2021/11/27-01:38:33.968356 7f5377289640 SST files in /home/n/.technic/modpacks/gfggfshfhsgfsghfsg/saves/CubicWorldGen Test 2/DIM1/fp2/voxel dir, Total Num: 0, files: 
2021/11/27-01:38:33.968361 7f5377289640 Write Ahead Log file in /home/n/.technic/modpacks/gfggfshfhsgfsghfsg/saves/CubicWorldGen Test 2/DIM1/fp2/voxel: 000005.log size: 0 ; 000028.log size: 0 ; 000043.log size: 0 ; 
2021/11/27-01:38:33.968367 7f5377289640                         Options.error_if_exists: 0
2021/11/27-01:38:33.968370 7f5377289640                       Options.create_if_missing: 1
2021/11/27-01:38:33.968373 7f5377289640                         Options.paranoid_checks: 1
2021/11/27-01:38:33.968376 7f5377289640                               Options.track_and_verify_wals_in_manifest: 0
2021/11/27-01:38:33.968379 7f5377289640                                     Options.env: 0x7f5326f4a0a0
2021/11/27-01:38:33.968382 7f5377289640                                      Options.fs: Posix File System
2021/11/27-01:38:33.968385 7f5377289640                                Options.info_log: 0x7f52ba4fc2b0
2021/11/27-01:38:33.968388 7f5377289640                Options.max_file_opening_threads: 16
2021/11/27-01:38:33.968391 7f5377289640                              Options.statistics: (nil)
2021/11/27-01:38:33.968394 7f5377289640                               Options.use_fsync: 0
2021/11/27-01:38:33.968397 7f5377289640                       Options.max_log_file_size: 0
2021/11/27-01:38:33.968400 7f5377289640                  Options.max_manifest_file_size: 1073741824
2021/11/27-01:38:33.968403 7f5377289640                   Options.log_file_time_to_roll: 0
2021/11/27-01:38:33.968406 7f5377289640                       Options.keep_log_file_num: 1
2021/11/27-01:38:33.968408 7f5377289640                    Options.recycle_log_file_num: 0
2021/11/27-01:38:33.968411 7f5377289640                         Options.allow_fallocate: 1
2021/11/27-01:38:33.968414 7f5377289640                        Options.allow_mmap_reads: 0
2021/11/27-01:38:33.968416 7f5377289640                       Options.allow_mmap_writes: 0
2021/11/27-01:38:33.968419 7f5377289640                        Options.use_direct_reads: 0
2021/11/27-01:38:33.968422 7f5377289640                        Options.use_direct_io_for_flush_and_compaction: 0
2021/11/27-01:38:33.968424 7f5377289640          Options.create_missing_column_families: 1
2021/11/27-01:38:33.968427 7f5377289640                              Options.db_log_dir: 
2021/11/27-01:38:33.968430 7f5377289640                                 Options.wal_dir: /home/n/.technic/modpacks/gfggfshfhsgfsghfsg/saves/CubicWorldGen Test 2/DIM1/fp2/voxel
2021/11/27-01:38:33.968433 7f5377289640                Options.table_cache_numshardbits: 6
2021/11/27-01:38:33.968435 7f5377289640                         Options.WAL_ttl_seconds: 0
2021/11/27-01:38:33.968438 7f5377289640                       Options.WAL_size_limit_MB: 0
2021/11/27-01:38:33.968441 7f5377289640                        Options.max_write_batch_group_size_bytes: 1048576
2021/11/27-01:38:33.968444 7f5377289640             Options.manifest_preallocation_size: 4194304
2021/11/27-01:38:33.968447 7f5377289640                     Options.is_fd_close_on_exec: 1
2021/11/27-01:38:33.968449 7f5377289640                   Options.advise_random_on_open: 1
2021/11/27-01:38:33.968452 7f5377289640                    Options.db_write_buffer_size: 0
2021/11/27-01:38:33.968455 7f5377289640                    Options.write_buffer_manager: 0x7f52ba4c2c00
2021/11/27-01:38:33.968457 7f5377289640         Options.access_hint_on_compaction_start: 1
2021/11/27-01:38:33.968460 7f5377289640  Options.new_table_reader_for_compaction_inputs: 0
2021/11/27-01:38:33.968488 7f5377289640           Options.random_access_max_buffer_size: 1048576
2021/11/27-01:38:33.968491 7f5377289640                      Options.use_adaptive_mutex: 0
2021/11/27-01:38:33.968494 7f5377289640                            Options.rate_limiter: (nil)
2021/11/27-01:38:33.968498 7f5377289640     Options.sst_file_manager.rate_bytes_per_sec: 0
2021/11/27-01:38:33.968500 7f5377289640                       Options.wal_recovery_mode: 2
2021/11/27-01:38:33.968503 7f5377289640                  Options.enable_thread_tracking: 0
2021/11/27-01:38:33.968506 7f5377289640                  Options.enable_pipelined_write: 0
2021/11/27-01:38:33.968508 7f5377289640                  Options.unordered_write: 0
2021/11/27-01:38:33.968511 7f5377289640         Options.allow_concurrent_memtable_write: 1
2021/11/27-01:38:33.968513 7f5377289640      Options.enable_write_thread_adaptive_yield: 1
2021/11/27-01:38:33.968516 7f5377289640             Options.write_thread_max_yield_usec: 100
2021/11/27-01:38:33.968519 7f5377289640            Options.write_thread_slow_yield_usec: 3
2021/11/27-01:38:33.968522 7f5377289640                               Options.row_cache: None
2021/11/27-01:38:33.968524 7f5377289640                              Options.wal_filter: None
2021/11/27-01:38:33.968527 7f5377289640             Options.avoid_flush_during_recovery: 0
2021/11/27-01:38:33.968530 7f5377289640             Options.allow_ingest_behind: 0
2021/11/27-01:38:33.968533 7f5377289640             Options.preserve_deletes: 0
2021/11/27-01:38:33.968535 7f5377289640             Options.two_write_queues: 0
2021/11/27-01:38:33.968538 7f5377289640             Options.manual_wal_flush: 0
2021/11/27-01:38:33.968540 7f5377289640             Options.atomic_flush: 0
2021/11/27-01:38:33.968543 7f5377289640             Options.avoid_unnecessary_blocking_io: 0
2021/11/27-01:38:33.968546 7f5377289640                 Options.persist_stats_to_disk: 0
2021/11/27-01:38:33.968548 7f5377289640                 Options.write_dbid_to_manifest: 0
2021/11/27-01:38:33.968551 7f5377289640                 Options.log_readahead_size: 0
2021/11/27-01:38:33.968554 7f5377289640                 Options.file_checksum_gen_factory: Unknown
2021/11/27-01:38:33.968557 7f5377289640                 Options.best_efforts_recovery: 0
2021/11/27-01:38:33.968559 7f5377289640                Options.max_bgerror_resume_count: 2147483647
2021/11/27-01:38:33.968562 7f5377289640            Options.bgerror_resume_retry_interval: 1000000
2021/11/27-01:38:33.968565 7f5377289640             Options.allow_data_in_errors: 0
2021/11/27-01:38:33.968568 7f5377289640             Options.db_host_id: __hostname__
2021/11/27-01:38:33.968571 7f5377289640             Options.max_background_jobs: 2
2021/11/27-01:38:33.968573 7f5377289640             Options.max_background_compactions: -1
2021/11/27-01:38:33.968576 7f5377289640             Options.max_subcompactions: 1
2021/11/27-01:38:33.968579 7f5377289640             Options.avoid_flush_during_shutdown: 0
2021/11/27-01:38:33.968582 7f5377289640           Options.writable_file_max_buffer_size: 1048576
2021/11/27-01:38:33.968585 7f5377289640             Options.delayed_write_rate : 16777216
2021/11/27-01:38:33.968588 7f5377289640             Options.max_total_wal_size: 0
2021/11/27-01:38:33.968590 7f5377289640             Options.delete_obsolete_files_period_micros: 21600000000
2021/11/27-01:38:33.968593 7f5377289640                   Options.stats_dump_period_sec: 600
2021/11/27-01:38:33.968596 7f5377289640                 Options.stats_persist_period_sec: 600
2021/11/27-01:38:33.968599 7f5377289640                 Options.stats_history_buffer_size: 1048576
2021/11/27-01:38:33.968602 7f5377289640                          Options.max_open_files: -1
2021/11/27-01:38:33.968605 7f5377289640                          Options.bytes_per_sync: 0
2021/11/27-01:38:33.968607 7f5377289640                      Options.wal_bytes_per_sync: 0
2021/11/27-01:38:33.968610 7f5377289640                   Options.strict_bytes_per_sync: 0
2021/11/27-01:38:33.968613 7f5377289640       Options.compaction_readahead_size: 0
2021/11/27-01:38:33.968628 7f5377289640                  Options.max_background_flushes: -1
2021/11/27-01:38:33.968631 7f5377289640 Compression algorithms supported:
2021/11/27-01:38:33.968635 7f5377289640 	kZSTDNotFinalCompression supported: 1
2021/11/27-01:38:33.968639 7f5377289640 	kZSTD supported: 1
2021/11/27-01:38:33.968642 7f5377289640 	kXpressCompression supported: 0
2021/11/27-01:38:33.968645 7f5377289640 	kLZ4HCCompression supported: 1
2021/11/27-01:38:33.968648 7f5377289640 	kLZ4Compression supported: 1
2021/11/27-01:38:33.968651 7f5377289640 	kBZip2Compression supported: 1
2021/11/27-01:38:33.968654 7f5377289640 	kZlibCompression supported: 1
2021/11/27-01:38:33.968656 7f5377289640 	kSnappyCompression supported: 1
2021/11/27-01:38:33.968662 7f5377289640 Fast CRC32 supported: Not supported on x86
2021/11/27-01:38:34.130546 7f5377289640 [/version_set.cc:4627] Recovering from manifest file: /home/n/.technic/modpacks/gfggfshfhsgfsghfsg/saves/CubicWorldGen Test 2/DIM1/fp2/voxel/MANIFEST-000042
2021/11/27-01:38:34.130813 7f5377289640 [/column_family.cc:598] --------------- Options for column family [default]:
2021/11/27-01:38:34.130822 7f5377289640               Options.comparator: leveldb.BytewiseComparator
2021/11/27-01:38:34.130825 7f5377289640           Options.merge_operator: None
2021/11/27-01:38:34.130829 7f5377289640        Options.compaction_filter: None
2021/11/27-01:38:34.130831 7f5377289640        Options.compaction_filter_factory: None
2021/11/27-01:38:34.130834 7f5377289640  Options.sst_partitioner_factory: None
2021/11/27-01:38:34.130837 7f5377289640         Options.memtable_factory: SkipListFactory
2021/11/27-01:38:34.130840 7f5377289640            Options.table_factory: BlockBasedTable
2021/11/27-01:38:34.130922 7f5377289640            table_factory options:   flush_block_policy_factory: FlushBlockBySizePolicyFactory (0x7f52b8f16b50)
  cache_index_and_filter_blocks: 0
  cache_index_and_filter_blocks_with_high_priority: 1
  pin_l0_filter_and_index_blocks_in_cache: 0
  pin_top_level_index_and_filter: 1
  index_type: 0
  data_block_index_type: 0
  index_shortening: 1
  data_block_hash_table_util_ratio: 0.750000
  hash_index_allow_collision: 1
  checksum: 1
  no_block_cache: 0
  block_cache: 0x7f52b8f16b90
  block_cache_name: LRUCache
  block_cache_options:
    capacity : 8388608
    num_shard_bits : 4
    strict_capacity_limit : 0
    memory_allocator : None
    high_pri_pool_ratio: 0.000
  block_cache_compressed: (nil)
  persistent_cache: (nil)
  block_size: 4096
  block_size_deviation: 10
  block_restart_interval: 16
  index_block_restart_interval: 1
  metadata_block_size: 4096
  partition_filters: 0
  use_delta_encoding: 1
  filter_policy: nullptr
  whole_key_filtering: 1
  verify_compression: 0
  read_amp_bytes_per_bit: 0
  format_version: 5
  enable_index_compression: 1
  block_align: 0
2021/11/27-01:38:34.130927 7f5377289640        Options.write_buffer_size: 67108864
2021/11/27-01:38:34.130931 7f5377289640  Options.max_write_buffer_number: 2
2021/11/27-01:38:34.130934 7f5377289640          Options.compression: ZSTD
2021/11/27-01:38:34.130937 7f5377289640                  Options.bottommost_compression: Disabled
2021/11/27-01:38:34.130940 7f5377289640       Options.prefix_extractor: nullptr
2021/11/27-01:38:34.130943 7f5377289640   Options.memtable_insert_with_hint_prefix_extractor: nullptr
2021/11/27-01:38:34.130946 7f5377289640             Options.num_levels: 7
2021/11/27-01:38:34.130949 7f5377289640        Options.min_write_buffer_number_to_merge: 1
2021/11/27-01:38:34.130952 7f5377289640     Options.max_write_buffer_number_to_maintain: 0
2021/11/27-01:38:34.130955 7f5377289640     Options.max_write_buffer_size_to_maintain: 134217728
2021/11/27-01:38:34.130958 7f5377289640            Options.bottommost_compression_opts.window_bits: -14
2021/11/27-01:38:34.130961 7f5377289640                  Options.bottommost_compression_opts.level: 32767
2021/11/27-01:38:34.130964 7f5377289640               Options.bottommost_compression_opts.strategy: 0
2021/11/27-01:38:34.131015 7f5377289640         Options.bottommost_compression_opts.max_dict_bytes: 0
2021/11/27-01:38:34.131019 7f5377289640         Options.bottommost_compression_opts.zstd_max_train_bytes: 0
2021/11/27-01:38:34.131022 7f5377289640         Options.bottommost_compression_opts.parallel_threads: 1
2021/11/27-01:38:34.131025 7f5377289640                  Options.bottommost_compression_opts.enabled: false
2021/11/27-01:38:34.131028 7f5377289640         Options.bottommost_compression_opts.max_dict_buffer_bytes: 0
2021/11/27-01:38:34.131031 7f5377289640            Options.compression_opts.window_bits: -14
2021/11/27-01:38:34.131034 7f5377289640                  Options.compression_opts.level: 32767
2021/11/27-01:38:34.131036 7f5377289640               Options.compression_opts.strategy: 0
2021/11/27-01:38:34.131039 7f5377289640         Options.compression_opts.max_dict_bytes: 0
2021/11/27-01:38:34.131042 7f5377289640         Options.compression_opts.zstd_max_train_bytes: 0
2021/11/27-01:38:34.131044 7f5377289640         Options.compression_opts.parallel_threads: 1
2021/11/27-01:38:34.131047 7f5377289640                  Options.compression_opts.enabled: false
2021/11/27-01:38:34.131050 7f5377289640         Options.compression_opts.max_dict_buffer_bytes: 0
2021/11/27-01:38:34.131053 7f5377289640      Options.level0_file_num_compaction_trigger: 4
2021/11/27-01:38:34.131055 7f5377289640          Options.level0_slowdown_writes_trigger: 20
2021/11/27-01:38:34.131058 7f5377289640              Options.level0_stop_writes_trigger: 36
2021/11/27-01:38:34.131061 7f5377289640                   Options.target_file_size_base: 67108864
2021/11/27-01:38:34.131064 7f5377289640             Options.target_file_size_multiplier: 1
2021/11/27-01:38:34.131067 7f5377289640                Options.max_bytes_for_level_base: 268435456
2021/11/27-01:38:34.131069 7f5377289640 Options.level_compaction_dynamic_level_bytes: 0
2021/11/27-01:38:34.131072 7f5377289640          Options.max_bytes_for_level_multiplier: 10.000000
2021/11/27-01:38:34.131078 7f5377289640 Options.max_bytes_for_level_multiplier_addtl[0]: 1
2021/11/27-01:38:34.131081 7f5377289640 Options.max_bytes_for_level_multiplier_addtl[1]: 1
2021/11/27-01:38:34.131084 7f5377289640 Options.max_bytes_for_level_multiplier_addtl[2]: 1
2021/11/27-01:38:34.131087 7f5377289640 Options.max_bytes_for_level_multiplier_addtl[3]: 1
2021/11/27-01:38:34.131090 7f5377289640 Options.max_bytes_for_level_multiplier_addtl[4]: 1
2021/11/27-01:38:34.131093 7f5377289640 Options.max_bytes_for_level_multiplier_addtl[5]: 1
2021/11/27-01:38:34.131095 7f5377289640 Options.max_bytes_for_level_multiplier_addtl[6]: 1
2021/11/27-01:38:34.131098 7f5377289640       Options.max_sequential_skip_in_iterations: 8
2021/11/27-01:38:34.131101 7f5377289640                    Options.max_compaction_bytes: 1677721600
2021/11/27-01:38:34.131104 7f5377289640                        Options.arena_block_size: 8388608
2021/11/27-01:38:34.131107 7f5377289640   Options.soft_pending_compaction_bytes_limit: 68719476736
2021/11/27-01:38:34.131110 7f5377289640   Options.hard_pending_compaction_bytes_limit: 274877906944
2021/11/27-01:38:34.131113 7f5377289640       Options.rate_limit_delay_max_milliseconds: 100
2021/11/27-01:38:34.131115 7f5377289640                Options.disable_auto_compactions: 1
2021/11/27-01:38:34.131119 7f5377289640                        Options.compaction_style: kCompactionStyleLevel
2021/11/27-01:38:34.131123 7f5377289640                          Options.compaction_pri: kMinOverlappingRatio
2021/11/27-01:38:34.131126 7f5377289640 Options.compaction_options_universal.size_ratio: 1
2021/11/27-01:38:34.131128 7f5377289640 Options.compaction_options_universal.min_merge_width: 2
2021/11/27-01:38:34.131131 7f5377289640 Options.compaction_options_universal.max_merge_width: 4294967295
2021/11/27-01:38:34.131134 7f5377289640 Options.compaction_options_universal.max_size_amplification_percent: 200
2021/11/27-01:38:34.131137 7f5377289640 Options.compaction_options_universal.compression_size_percent: -1
2021/11/27-01:38:34.131153 7f5377289640 Options.compaction_options_universal.stop_style: kCompactionStopStyleTotalSize
2021/11/27-01:38:34.131157 7f5377289640 Options.compaction_options_fifo.max_table_files_size: 1073741824
2021/11/27-01:38:34.131159 7f5377289640 Options.compaction_options_fifo.allow_compaction: 0
2021/11/27-01:38:34.131172 7f5377289640                   Options.table_properties_collectors: 
2021/11/27-01:38:34.131175 7f5377289640                   Options.inplace_update_support: 0
2021/11/27-01:38:34.131178 7f5377289640                 Options.inplace_update_num_locks: 10000
2021/11/27-01:38:34.131181 7f5377289640               Options.memtable_prefix_bloom_size_ratio: 0.000000
2021/11/27-01:38:34.131184 7f5377289640               Options.memtable_whole_key_filtering: 0
2021/11/27-01:38:34.131187 7f5377289640   Options.memtable_huge_page_size: 0
2021/11/27-01:38:34.131190 7f5377289640                           Options.bloom_locality: 0
2021/11/27-01:38:34.131193 7f5377289640                    Options.max_successive_merges: 0
2021/11/27-01:38:34.131195 7f5377289640                Options.optimize_filters_for_hits: 0
2021/11/27-01:38:34.131198 7f5377289640                Options.paranoid_file_checks: 0
2021/11/27-01:38:34.131201 7f5377289640                Options.force_consistency_checks: 1
2021/11/27-01:38:34.131203 7f5377289640                Options.report_bg_io_stats: 0
2021/11/27-01:38:34.131206 7f5377289640                               Options.ttl: 2592000
2021/11/27-01:38:34.131209 7f5377289640          Options.periodic_compaction_seconds: 0
2021/11/27-01:38:34.131212 7f5377289640                    Options.enable_blob_files: false
2021/11/27-01:38:34.131215 7f5377289640                        Options.min_blob_size: 0
2021/11/27-01:38:34.131217 7f5377289640                       Options.blob_file_size: 268435456
2021/11/27-01:38:34.131221 7f5377289640                Options.blob_compression_type: NoCompression
2021/11/27-01:38:34.131224 7f5377289640       Options.enable_blob_garbage_collection: false
2021/11/27-01:38:34.131227 7f5377289640   Options.blob_garbage_collection_age_cutoff: 0.250000
2021/11/27-01:38:34.188694 7f5377289640 [/column_family.cc:598] --------------- Options for column family [tile_timestamp]:
2021/11/27-01:38:34.188709 7f5377289640               Options.comparator: leveldb.BytewiseComparator
2021/11/27-01:38:34.188713 7f5377289640           Options.merge_operator: None
2021/11/27-01:38:34.188717 7f5377289640        Options.compaction_filter: None
2021/11/27-01:38:34.188720 7f5377289640        Options.compaction_filter_factory: None
2021/11/27-01:38:34.188722 7f5377289640  Options.sst_partitioner_factory: None
2021/11/27-01:38:34.188725 7f5377289640         Options.memtable_factory: SkipListFactory
2021/11/27-01:38:34.188728 7f5377289640            Options.table_factory: BlockBasedTable
2021/11/27-01:38:34.188800 7f5377289640            table_factory options:   flush_block_policy_factory: FlushBlockBySizePolicyFactory (0x7f52b8f16b50)
  cache_index_and_filter_blocks: 0
  cache_index_and_filter_blocks_with_high_priority: 1
  pin_l0_filter_and_index_blocks_in_cache: 0
  pin_top_level_index_and_filter: 1
  index_type: 0
  data_block_index_type: 0
  index_shortening: 1
  data_block_hash_table_util_ratio: 0.750000
  hash_index_allow_collision: 1
  checksum: 1
  no_block_cache: 0
  block_cache: 0x7f52b8f16b90
  block_cache_name: LRUCache
  block_cache_options:
    capacity : 8388608
    num_shard_bits : 4
    strict_capacity_limit : 0
    memory_allocator : None
    high_pri_pool_ratio: 0.000
  block_cache_compressed: (nil)
  persistent_cache: (nil)
  block_size: 4096
  block_size_deviation: 10
  block_restart_interval: 16
  index_block_restart_interval: 1
  metadata_block_size: 4096
  partition_filters: 0
  use_delta_encoding: 1
  filter_policy: nullptr
  whole_key_filtering: 1
  verify_compression: 0
  read_amp_bytes_per_bit: 0
  format_version: 5
  enable_index_compression: 1
  block_align: 0
2021/11/27-01:38:34.188805 7f5377289640        Options.write_buffer_size: 67108864
2021/11/27-01:38:34.188808 7f5377289640  Options.max_write_buffer_number: 2
2021/11/27-01:38:34.188849 7f5377289640          Options.compression: ZSTD
2021/11/27-01:38:34.188853 7f5377289640                  Options.bottommost_compression: Disabled
2021/11/27-01:38:34.188856 7f5377289640       Options.prefix_extractor: nullptr
2021/11/27-01:38:34.188859 7f5377289640   Options.memtable_insert_with_hint_prefix_extractor: nullptr
2021/11/27-01:38:34.188862 7f5377289640             Options.num_levels: 7
2021/11/27-01:38:34.188865 7f5377289640        Options.min_write_buffer_number_to_merge: 1
2021/11/27-01:38:34.188867 7f5377289640     Options.max_write_buffer_number_to_maintain: 0
2021/11/27-01:38:34.188870 7f5377289640     Options.max_write_buffer_size_to_maintain: 134217728
2021/11/27-01:38:34.188873 7f5377289640            Options.bottommost_compression_opts.window_bits: -14
2021/11/27-01:38:34.188876 7f5377289640                  Options.bottommost_compression_opts.level: 32767
2021/11/27-01:38:34.188879 7f5377289640               Options.bottommost_compression_opts.strategy: 0
2021/11/27-01:38:34.188882 7f5377289640         Options.bottommost_compression_opts.max_dict_bytes: 0
2021/11/27-01:38:34.188884 7f5377289640         Options.bottommost_compression_opts.zstd_max_train_bytes: 0
2021/11/27-01:38:34.188887 7f5377289640         Options.bottommost_compression_opts.parallel_threads: 1
2021/11/27-01:38:34.188890 7f5377289640                  Options.bottommost_compression_opts.enabled: false
2021/11/27-01:38:34.188893 7f5377289640         Options.bottommost_compression_opts.max_dict_buffer_bytes: 0
2021/11/27-01:38:34.188896 7f5377289640            Options.compression_opts.window_bits: -14
2021/11/27-01:38:34.188898 7f5377289640                  Options.compression_opts.level: 32767
2021/11/27-01:38:34.188901 7f5377289640               Options.compression_opts.strategy: 0
2021/11/27-01:38:34.188904 7f5377289640         Options.compression_opts.max_dict_bytes: 0
2021/11/27-01:38:34.188907 7f5377289640         Options.compression_opts.zstd_max_train_bytes: 0
2021/11/27-01:38:34.188909 7f5377289640         Options.compression_opts.parallel_threads: 1
2021/11/27-01:38:34.188912 7f5377289640                  Options.compression_opts.enabled: false
2021/11/27-01:38:34.188915 7f5377289640         Options.compression_opts.max_dict_buffer_bytes: 0
2021/11/27-01:38:34.188917 7f5377289640      Options.level0_file_num_compaction_trigger: 4
2021/11/27-01:38:34.188920 7f5377289640          Options.level0_slowdown_writes_trigger: 20
2021/11/27-01:38:34.188923 7f5377289640              Options.level0_stop_writes_trigger: 36
2021/11/27-01:38:34.188926 7f5377289640                   Options.target_file_size_base: 67108864
2021/11/27-01:38:34.188928 7f5377289640             Options.target_file_size_multiplier: 1
2021/11/27-01:38:34.188931 7f5377289640                Options.max_bytes_for_level_base: 268435456
2021/11/27-01:38:34.188934 7f5377289640 Options.level_compaction_dynamic_level_bytes: 0
2021/11/27-01:38:34.188937 7f5377289640          Options.max_bytes_for_level_multiplier: 10.000000
2021/11/27-01:38:34.188942 7f5377289640 Options.max_bytes_for_level_multiplier_addtl[0]: 1
2021/11/27-01:38:34.188946 7f5377289640 Options.max_bytes_for_level_multiplier_addtl[1]: 1
2021/11/27-01:38:34.188949 7f5377289640 Options.max_bytes_for_level_multiplier_addtl[2]: 1
2021/11/27-01:38:34.188952 7f5377289640 Options.max_bytes_for_level_multiplier_addtl[3]: 1
2021/11/27-01:38:34.188954 7f5377289640 Options.max_bytes_for_level_multiplier_addtl[4]: 1
2021/11/27-01:38:34.188957 7f5377289640 Options.max_bytes_for_level_multiplier_addtl[5]: 1
2021/11/27-01:38:34.188960 7f5377289640 Options.max_bytes_for_level_multiplier_addtl[6]: 1
2021/11/27-01:38:34.188963 7f5377289640       Options.max_sequential_skip_in_iterations: 8
2021/11/27-01:38:34.188965 7f5377289640                    Options.max_compaction_bytes: 1677721600
2021/11/27-01:38:34.188968 7f5377289640                        Options.arena_block_size: 8388608
2021/11/27-01:38:34.188971 7f5377289640   Options.soft_pending_compaction_bytes_limit: 68719476736
2021/11/27-01:38:34.188987 7f5377289640   Options.hard_pending_compaction_bytes_limit: 274877906944
2021/11/27-01:38:34.188990 7f5377289640       Options.rate_limit_delay_max_milliseconds: 100
2021/11/27-01:38:34.188993 7f5377289640                Options.disable_auto_compactions: 1
2021/11/27-01:38:34.188997 7f5377289640                        Options.compaction_style: kCompactionStyleLevel
2021/11/27-01:38:34.189001 7f5377289640                          Options.compaction_pri: kMinOverlappingRatio
2021/11/27-01:38:34.189003 7f5377289640 Options.compaction_options_universal.size_ratio: 1
2021/11/27-01:38:34.189006 7f5377289640 Options.compaction_options_universal.min_merge_width: 2
2021/11/27-01:38:34.189009 7f5377289640 Options.compaction_options_universal.max_merge_width: 4294967295
2021/11/27-01:38:34.189011 7f5377289640 Options.compaction_options_universal.max_size_amplification_percent: 200
2021/11/27-01:38:34.189014 7f5377289640 Options.compaction_options_universal.compression_size_percent: -1
2021/11/27-01:38:34.189017 7f5377289640 Options.compaction_options_universal.stop_style: kCompactionStopStyleTotalSize
2021/11/27-01:38:34.189020 7f5377289640 Options.compaction_options_fifo.max_table_files_size: 1073741824
2021/11/27-01:38:34.189023 7f5377289640 Options.compaction_options_fifo.allow_compaction: 0
2021/11/27-01:38:34.189034 7f5377289640                   Options.table_properties_collectors: 
2021/11/27-01:38:34.189037 7f5377289640                   Options.inplace_update_support: 0
2021/11/27-01:38:34.189040 7f5377289640                 Options.inplace_update_num_locks: 10000
2021/11/27-01:38:34.189043 7f5377289640               Options.memtable_prefix_bloom_size_ratio: 0.000000
2021/11/27-01:38:34.189046 7f5377289640               Options.memtable_whole_key_filtering: 0
2021/11/27-01:38:34.189049 7f5377289640   Options.memtable_huge_page_size: 0
2021/11/27-01:38:34.189052 7f5377289640                           Options.bloom_locality: 0
2021/11/27-01:38:34.189054 7f5377289640                    Options.max_successive_merges: 0
2021/11/27-01:38:34.189057 7f5377289640                Options.optimize_filters_for_hits: 0
2021/11/27-01:38:34.189060 7f5377289640                Options.paranoid_file_checks: 0
2021/11/27-01:38:34.189062 7f5377289640                Options.force_consistency_checks: 1
2021/11/27-01:38:34.189065 7f5377289640                Options.report_bg_io_stats: 0
2021/11/27-01:38:34.189068 7f5377289640                               Options.ttl: 2592000
2021/11/27-01:38:34.189071 7f5377289640          Options.periodic_compaction_seconds: 0
2021/11/27-01:38:34.189073 7f5377289640                    Options.enable_blob_files: false
2021/11/27-01:38:34.189076 7f5377289640                        Options.min_blob_size: 0
2021/11/27-01:38:34.189079 7f5377289640                       Options.blob_file_size: 268435456
2021/11/27-01:38:34.189082 7f5377289640                Options.blob_compression_type: NoCompression
2021/11/27-01:38:34.189086 7f5377289640       Options.enable_blob_garbage_collection: false
2021/11/27-01:38:34.189088 7f5377289640   Options.blob_garbage_collection_age_cutoff: 0.250000
2021/11/27-01:38:34.189203 7f5377289640 [/column_family.cc:598] --------------- Options for column family [tile_dirty_timestamp]:
2021/11/27-01:38:34.189208 7f5377289640               Options.comparator: leveldb.BytewiseComparator
2021/11/27-01:38:34.189211 7f5377289640           Options.merge_operator: None
2021/11/27-01:38:34.189214 7f5377289640        Options.compaction_filter: None
2021/11/27-01:38:34.189216 7f5377289640        Options.compaction_filter_factory: None
2021/11/27-01:38:34.189219 7f5377289640  Options.sst_partitioner_factory: None
2021/11/27-01:38:34.189222 7f5377289640         Options.memtable_factory: SkipListFactory
2021/11/27-01:38:34.189225 7f5377289640            Options.table_factory: BlockBasedTable
2021/11/27-01:38:34.189274 7f5377289640            table_factory options:   flush_block_policy_factory: FlushBlockBySizePolicyFactory (0x7f52b8f16b50)
  cache_index_and_filter_blocks: 0
  cache_index_and_filter_blocks_with_high_priority: 1
  pin_l0_filter_and_index_blocks_in_cache: 0
  pin_top_level_index_and_filter: 1
  index_type: 0
  data_block_index_type: 0
  index_shortening: 1
  data_block_hash_table_util_ratio: 0.750000
  hash_index_allow_collision: 1
  checksum: 1
  no_block_cache: 0
  block_cache: 0x7f52b8f16b90
  block_cache_name: LRUCache
  block_cache_options:
    capacity : 8388608
    num_shard_bits : 4
    strict_capacity_limit : 0
    memory_allocator : None
    high_pri_pool_ratio: 0.000
  block_cache_compressed: (nil)
  persistent_cache: (nil)
  block_size: 4096
  block_size_deviation: 10
  block_restart_interval: 16
  index_block_restart_interval: 1
  metadata_block_size: 4096
  partition_filters: 0
  use_delta_encoding: 1
  filter_policy: nullptr
  whole_key_filtering: 1
  verify_compression: 0
  read_amp_bytes_per_bit: 0
  format_version: 5
  enable_index_compression: 1
  block_align: 0
2021/11/27-01:38:34.189298 7f5377289640        Options.write_buffer_size: 67108864
2021/11/27-01:38:34.189302 7f5377289640  Options.max_write_buffer_number: 2
2021/11/27-01:38:34.189306 7f5377289640          Options.compression: ZSTD
2021/11/27-01:38:34.189309 7f5377289640                  Options.bottommost_compression: Disabled
2021/11/27-01:38:34.189312 7f5377289640       Options.prefix_extractor: nullptr
2021/11/27-01:38:34.189315 7f5377289640   Options.memtable_insert_with_hint_prefix_extractor: nullptr
2021/11/27-01:38:34.189318 7f5377289640             Options.num_levels: 7
2021/11/27-01:38:34.189320 7f5377289640        Options.min_write_buffer_number_to_merge: 1
2021/11/27-01:38:34.189323 7f5377289640     Options.max_write_buffer_number_to_maintain: 0
2021/11/27-01:38:34.189326 7f5377289640     Options.max_write_buffer_size_to_maintain: 134217728
2021/11/27-01:38:34.189328 7f5377289640            Options.bottommost_compression_opts.window_bits: -14
2021/11/27-01:38:34.189331 7f5377289640                  Options.bottommost_compression_opts.level: 32767
2021/11/27-01:38:34.189334 7f5377289640               Options.bottommost_compression_opts.strategy: 0
2021/11/27-01:38:34.189336 7f5377289640         Options.bottommost_compression_opts.max_dict_bytes: 0
2021/11/27-01:38:34.189339 7f5377289640         Options.bottommost_compression_opts.zstd_max_train_bytes: 0
2021/11/27-01:38:34.189342 7f5377289640         Options.bottommost_compression_opts.parallel_threads: 1
2021/11/27-01:38:34.189345 7f5377289640                  Options.bottommost_compression_opts.enabled: false
2021/11/27-01:38:34.189347 7f5377289640         Options.bottommost_compression_opts.max_dict_buffer_bytes: 0
2021/11/27-01:38:34.189350 7f5377289640            Options.compression_opts.window_bits: -14
2021/11/27-01:38:34.189353 7f5377289640                  Options.compression_opts.level: 32767
2021/11/27-01:38:34.189355 7f5377289640               Options.compression_opts.strategy: 0
2021/11/27-01:38:34.189358 7f5377289640         Options.compression_opts.max_dict_bytes: 0
2021/11/27-01:38:34.189361 7f5377289640         Options.compression_opts.zstd_max_train_bytes: 0
2021/11/27-01:38:34.189363 7f5377289640         Options.compression_opts.parallel_threads: 1
2021/11/27-01:38:34.189366 7f5377289640                  Options.compression_opts.enabled: false
2021/11/27-01:38:34.189369 7f5377289640         Options.compression_opts.max_dict_buffer_bytes: 0
2021/11/27-01:38:34.189371 7f5377289640      Options.level0_file_num_compaction_trigger: 4
2021/11/27-01:38:34.189374 7f5377289640          Options.level0_slowdown_writes_trigger: 20
2021/11/27-01:38:34.189377 7f5377289640              Options.level0_stop_writes_trigger: 36
2021/11/27-01:38:34.189379 7f5377289640                   Options.target_file_size_base: 67108864
2021/11/27-01:38:34.189382 7f5377289640             Options.target_file_size_multiplier: 1
2021/11/27-01:38:34.189385 7f5377289640                Options.max_bytes_for_level_base: 268435456
2021/11/27-01:38:34.189388 7f5377289640 Options.level_compaction_dynamic_level_bytes: 0
2021/11/27-01:38:34.189402 7f5377289640          Options.max_bytes_for_level_multiplier: 10.000000
2021/11/27-01:38:34.189407 7f5377289640 Options.max_bytes_for_level_multiplier_addtl[0]: 1
2021/11/27-01:38:34.189410 7f5377289640 Options.max_bytes_for_level_multiplier_addtl[1]: 1
2021/11/27-01:38:34.189413 7f5377289640 Options.max_bytes_for_level_multiplier_addtl[2]: 1
2021/11/27-01:38:34.189416 7f5377289640 Options.max_bytes_for_level_multiplier_addtl[3]: 1
2021/11/27-01:38:34.189419 7f5377289640 Options.max_bytes_for_level_multiplier_addtl[4]: 1
2021/11/27-01:38:34.189421 7f5377289640 Options.max_bytes_for_level_multiplier_addtl[5]: 1
2021/11/27-01:38:34.189424 7f5377289640 Options.max_bytes_for_level_multiplier_addtl[6]: 1
2021/11/27-01:38:34.189427 7f5377289640       Options.max_sequential_skip_in_iterations: 8
2021/11/27-01:38:34.189429 7f5377289640                    Options.max_compaction_bytes: 1677721600
2021/11/27-01:38:34.189432 7f5377289640                        Options.arena_block_size: 8388608
2021/11/27-01:38:34.189435 7f5377289640   Options.soft_pending_compaction_bytes_limit: 68719476736
2021/11/27-01:38:34.189438 7f5377289640   Options.hard_pending_compaction_bytes_limit: 274877906944
2021/11/27-01:38:34.189441 7f5377289640       Options.rate_limit_delay_max_milliseconds: 100
2021/11/27-01:38:34.189443 7f5377289640                Options.disable_auto_compactions: 1
2021/11/27-01:38:34.189447 7f5377289640                        Options.compaction_style: kCompactionStyleLevel
2021/11/27-01:38:34.189450 7f5377289640                          Options.compaction_pri: kMinOverlappingRatio
2021/11/27-01:38:34.189452 7f5377289640 Options.compaction_options_universal.size_ratio: 1
2021/11/27-01:38:34.189455 7f5377289640 Options.compaction_options_universal.min_merge_width: 2
2021/11/27-01:38:34.189458 7f5377289640 Options.compaction_options_universal.max_merge_width: 4294967295
2021/11/27-01:38:34.189460 7f5377289640 Options.compaction_options_universal.max_size_amplification_percent: 200
2021/11/27-01:38:34.189463 7f5377289640 Options.compaction_options_universal.compression_size_percent: -1
2021/11/27-01:38:34.189466 7f5377289640 Options.compaction_options_universal.stop_style: kCompactionStopStyleTotalSize
2021/11/27-01:38:34.189469 7f5377289640 Options.compaction_options_fifo.max_table_files_size: 1073741824
2021/11/27-01:38:34.189472 7f5377289640 Options.compaction_options_fifo.allow_compaction: 0
2021/11/27-01:38:34.189478 7f5377289640                   Options.table_properties_collectors: 
2021/11/27-01:38:34.189481 7f5377289640                   Options.inplace_update_support: 0
2021/11/27-01:38:34.189484 7f5377289640                 Options.inplace_update_num_locks: 10000
2021/11/27-01:38:34.189486 7f5377289640               Options.memtable_prefix_bloom_size_ratio: 0.000000
2021/11/27-01:38:34.189490 7f5377289640               Options.memtable_whole_key_filtering: 0
2021/11/27-01:38:34.189492 7f5377289640   Options.memtable_huge_page_size: 0
2021/11/27-01:38:34.189495 7f5377289640                           Options.bloom_locality: 0
2021/11/27-01:38:34.189498 7f5377289640                    Options.max_successive_merges: 0
2021/11/27-01:38:34.189501 7f5377289640                Options.optimize_filters_for_hits: 0
2021/11/27-01:38:34.189503 7f5377289640                Options.paranoid_file_checks: 0
2021/11/27-01:38:34.189506 7f5377289640                Options.force_consistency_checks: 1
2021/11/27-01:38:34.189508 7f5377289640                Options.report_bg_io_stats: 0
2021/11/27-01:38:34.189511 7f5377289640                               Options.ttl: 2592000
2021/11/27-01:38:34.189514 7f5377289640          Options.periodic_compaction_seconds: 0
2021/11/27-01:38:34.189517 7f5377289640                    Options.enable_blob_files: false
2021/11/27-01:38:34.189519 7f5377289640                        Options.min_blob_size: 0
2021/11/27-01:38:34.189522 7f5377289640                       Options.blob_file_size: 268435456
2021/11/27-01:38:34.189525 7f5377289640                Options.blob_compression_type: NoCompression
2021/11/27-01:38:34.189541 7f5377289640       Options.enable_blob_garbage_collection: false
2021/11/27-01:38:34.189544 7f5377289640   Options.blob_garbage_collection_age_cutoff: 0.250000
2021/11/27-01:38:34.189643 7f5377289640 [/column_family.cc:598] --------------- Options for column family [tile_data]:
2021/11/27-01:38:34.189648 7f5377289640               Options.comparator: leveldb.BytewiseComparator
2021/11/27-01:38:34.189651 7f5377289640           Options.merge_operator: None
2021/11/27-01:38:34.189653 7f5377289640        Options.compaction_filter: None
2021/11/27-01:38:34.189656 7f5377289640        Options.compaction_filter_factory: None
2021/11/27-01:38:34.189659 7f5377289640  Options.sst_partitioner_factory: None
2021/11/27-01:38:34.189661 7f5377289640         Options.memtable_factory: SkipListFactory
2021/11/27-01:38:34.189664 7f5377289640            Options.table_factory: BlockBasedTable
2021/11/27-01:38:34.189710 7f5377289640            table_factory options:   flush_block_policy_factory: FlushBlockBySizePolicyFactory (0x7f52b8f16b50)
  cache_index_and_filter_blocks: 0
  cache_index_and_filter_blocks_with_high_priority: 1
  pin_l0_filter_and_index_blocks_in_cache: 0
  pin_top_level_index_and_filter: 1
  index_type: 0
  data_block_index_type: 0
  index_shortening: 1
  data_block_hash_table_util_ratio: 0.750000
  hash_index_allow_collision: 1
  checksum: 1
  no_block_cache: 0
  block_cache: 0x7f52b8f16b90
  block_cache_name: LRUCache
  block_cache_options:
    capacity : 8388608
    num_shard_bits : 4
    strict_capacity_limit : 0
    memory_allocator : None
    high_pri_pool_ratio: 0.000
  block_cache_compressed: (nil)
  persistent_cache: (nil)
  block_size: 4096
  block_size_deviation: 10
  block_restart_interval: 16
  index_block_restart_interval: 1
  metadata_block_size: 4096
  partition_filters: 0
  use_delta_encoding: 1
  filter_policy: nullptr
  whole_key_filtering: 1
  verify_compression: 0
  read_amp_bytes_per_bit: 0
  format_version: 5
  enable_index_compression: 1
  block_align: 0
2021/11/27-01:38:34.189714 7f5377289640        Options.write_buffer_size: 67108864
2021/11/27-01:38:34.189717 7f5377289640  Options.max_write_buffer_number: 2
2021/11/27-01:38:34.189721 7f5377289640          Options.compression: ZSTD
2021/11/27-01:38:34.189724 7f5377289640                  Options.bottommost_compression: Disabled
2021/11/27-01:38:34.189727 7f5377289640       Options.prefix_extractor: nullptr
2021/11/27-01:38:34.189729 7f5377289640   Options.memtable_insert_with_hint_prefix_extractor: nullptr
2021/11/27-01:38:34.189732 7f5377289640             Options.num_levels: 7
2021/11/27-01:38:34.189735 7f5377289640        Options.min_write_buffer_number_to_merge: 1
2021/11/27-01:38:34.189737 7f5377289640     Options.max_write_buffer_number_to_maintain: 0
2021/11/27-01:38:34.189740 7f5377289640     Options.max_write_buffer_size_to_maintain: 134217728
2021/11/27-01:38:34.189743 7f5377289640            Options.bottommost_compression_opts.window_bits: -14
